day	phase	zt_demi	fly_01	fly_02	fly_03	fly_04	fly_05	fly_06	fly_07	fly_08	fly_09	fly_10	fly_11	fly_12	fly_13	fly_14	fly_15	fly_16	fly_17	fly_18	fly_19	fly_20	fly_21	fly_22	fly_23	fly_24	fly_25	fly_26	fly_28	fly_29	fly_30	fly_31	fly_32
1	Night	12	76	51	73	75	75	99	65	98	67	123	119	62	118	52	84	26	68	80	5	95	19	65	72	84	91	43	35	70	54	86	26
1	Night	12.5	67	46	63	45	48	82	73	74	58	97	76	66	77	36	80	27	77	76	32	89	27	30	69	93	73	81	22	65	69	70	26
1	Night	13	42	23	51	35	48	48	80	71	35	96	55	56	69	31	81	24	53	41	33	68	27	8	56	57	74	65	11	47	82	56	18
1	Night	13.5	38	31	38	33	54	50	33	50	31	101	54	67	78	22	60	12	29	42	10	55	29	13	34	57	49	61	14	55	53	49	15
1	Night	14	61	32	51	10	58	25	24	44	18	44	53	38	58	27	43	10	36	39	12	52	53	7	57	53	58	38	10	30	53	34	20
1	Night	14.5	31	26	42	11	56	36	21	58	17	33	43	26	51	28	55	17	61	33	6	36	44	10	53	48	47	67	5	46	47	53	14
1	Night	15	25	18	40	0	27	22	19	35	17	27	43	21	29	12	37	12	61	24	4	17	33	8	26	69	32	42	18	23	34	28	18
1	Night	15.5	35	20	30	0	36	14	35	29	15	50	41	25	44	18	31	7	23	22	5	19	30	25	17	43	20	31	4	24	32	42	12
1	Night	16	26	10	18	0	17	10	7	29	6	32	15	13	13	10	33	5	40	15	1	28	11	14	17	16	44	22	2	22	21	25	4
1	Night	16.5	13	24	26	0	15	15	48	12	1	13	16	14	15	25	13	11	18	11	1	9	3	12	19	12	15	15	0	8	8	23	6
1	Night	17	10	14	38	0	10	49	7	16	0	8	8	4	6	11	25	18	7	20	7	10	12	5	14	8	9	3	0	4	7	10	7
1	Night	17.5	4	11	5	0	7	1	0	6	0	0	3	3	3	14	5	4	6	4	1	0	1	1	4	0	5	4	4	2	10	11	2
1	Night	18	9	7	0	0	3	0	0	6	1	3	9	0	8	11	5	8	16	3	0	1	3	1	2	0	2	13	0	12	26	3	0
1	Night	18.5	2	4	0	0	2	0	0	2	0	2	6	0	1	5	2	7	6	0	2	0	0	1	0	0	0	0	3	0	2	4	0
1	Night	19	11	14	0	0	0	0	0	1	8	4	0	0	0	4	5	3	1	0	0	0	0	0	0	0	0	0	0	0	1	0	1
1	Night	19.5	19	8	0	0	7	23	0	0	0	19	3	0	6	10	3	1	3	3	0	0	0	4	0	0	0	0	0	0	1	0	1
1	Night	20	0	1	0	4	34	4	0	0	0	13	0	0	12	5	0	3	6	0	0	0	0	2	0	0	0	0	0	0	0	0	2
1	Night	20.5	0	15	0	0	1	0	0	0	3	10	0	0	7	0	0	4	7	0	0	13	0	0	0	0	0	0	0	0	0	0	0
1	Night	21	0	0	0	0	1	4	0	0	0	4	0	0	10	0	0	0	14	11	0	0	0	0	0	0	0	0	0	0	0	0	0
1	Night	21.5	0	11	0	2	0	0	0	0	0	11	0	0	0	1	0	13	2	0	3	0	0	0	0	0	0	0	0	0	2	0	1
1	Night	22	0	0	0	0	0	1	0	0	0	16	0	0	0	4	3	4	5	0	2	0	0	0	0	0	0	0	0	0	0	0	0
1	Night	22.5	0	2	0	0	0	0	0	0	0	1	0	0	0	3	0	1	3	0	0	0	0	0	0	0	0	0	0	0	1	0	0
1	Night	23	0	8	0	0	50	10	0	0	0	4	0	0	0	3	2	0	2	4	2	0	0	0	0	0	26	0	0	0	3	0	0
1	Night	23.5	4	5	0	0	8	1	0	0	0	0	3	0	2	5	1	0	0	12	0	0	0	0	0	0	0	0	0	0	2	0	0
1	Day	0	73	43	88	78	66	121	78	64	78	109	172	31	102	83	77	49	96	97	118	94	56	46	57	31	64	64	49	53	28	25	57
1	Day	0.5	8	21	5	59	22	89	75	39	68	104	78	41	61	56	57	63	57	64	114	91	21	0	44	22	83	61	2	55	28	20	41
1	Day	1	36	12	34	49	51	98	67	40	70	109	54	36	65	75	69	42	50	33	96	9	51	36	59	19	32	46	16	37	56	15	52
1	Day	1.5	55	40	26	52	60	90	77	38	58	120	85	100	70	68	75	52	69	79	75	89	52	14	36	58	24	21	25	55	46	38	70
1	Day	2	69	61	91	92	96	95	102	59	92	136	92	120	93	55	84	52	90	66	80	111	129	39	65	103	108	74	24	84	84	68	83
1	Day	2.5	72	83	68	89	103	119	109	105	103	126	95	122	97	70	108	66	138	87	106	118	69	42	105	76	136	79	49	100	78	96	76
1	Day	3	88	73	83	129	115	108	120	99	105	134	118	145	113	73	87	58	97	105	174	135	84	78	117	117	145	90	55	125	101	105	86
1	Day	3.5	103	79	96	53	88	122	144	109	106	164	105	137	106	97	94	35	106	87	104	137	89	65	118	97	132	77	9	100	103	112	62
1	Day	4	93	71	83	0	30	98	131	77	104	136	33	146	96	68	57	12	93	26	39	77	45	69	48	103	181	61	6	61	84	131	0
1	Day	4.5	33	59	27	0	41	52	85	54	73	108	4	105	45	34	38	6	33	7	2	19	28	1	13	94	15	46	3	12	54	60	0
1	Day	5	21	16	17	2	0	26	38	49	64	63	11	36	22	27	26	12	9	8	5	6	4	26	19	0	0	3	0	12	48	14	6
1	Day	5.5	2	4	0	0	5	27	40	10	55	40	46	44	46	12	18	4	12	8	5	2	0	14	4	0	0	0	15	18	33	0	2
1	Day	6	0	18	0	0	11	9	6	46	55	46	0	34	20	0	30	10	0	19	74	2	0	2	2	0	0	32	7	20	15	0	3
1	Day	6.5	6	6	0	0	29	24	11	18	43	39	4	26	8	16	8	0	0	10	24	0	10	10	2	0	0	37	21	8	37	6	0
1	Day	7	4	11	2	0	25	107	10	2	51	53	9	34	40	24	18	6	36	6	11	0	0	7	2	0	8	15	4	4	27	10	2
1	Day	7.5	0	16	4	0	17	4	6	59	50	20	54	26	12	13	46	10	4	2	32	0	0	0	0	0	14	0	0	0	18	4	0
1	Day	8	6	2	0	0	4	12	2	14	31	32	20	29	14	6	3	0	0	10	16	0	0	4	0	0	0	0	9	5	16	17	0
1	Day	8.5	6	5	0	0	20	13	10	22	55	31	31	4	18	10	4	2	0	2	0	0	29	5	2	0	0	0	13	2	18	5	2
1	Day	9	6	10	61	2	28	8	8	7	31	41	59	4	20	6	26	4	0	2	59	3	0	8	2	0	4	4	9	5	14	17	0
1	Day	9.5	10	24	21	2	15	8	13	13	40	30	20	2	40	14	30	6	38	8	8	4	0	2	6	8	50	53	7	13	14	8	8
1	Day	10	32	13	27	0	16	0	2	28	30	16	20	0	22	15	20	0	10	0	28	2	12	14	0	35	16	11	2	10	8	11	2
1	Day	10.5	23	34	15	2	14	4	19	35	39	64	76	4	14	8	18	4	11	7	12	4	43	2	3	26	4	0	6	10	28	60	4
1	Day	11	22	50	10	2	12	54	36	57	43	27	42	16	30	20	27	16	8	37	43	2	47	10	49	41	22	37	17	27	23	37	9
1	Day	11.5	29	34	8	20	40	32	52	43	53	72	25	36	85	28	29	0	12	37	81	62	93	19	53	49	39	31	6	38	28	40	38
2	Night	12	55	52	81	86	94	84	90	88	78	122	80	62	86	65	60	50	72	53	67	99	72	30	95	83	54	43	36	73	47	71	44
2	Night	12.5	47	56	76	68	80	88	60	76	58	105	74	51	72	38	71	29	54	66	52	94	61	34	67	57	48	42	55	61	63	74	37
2	Night	13	40	54	126	42	50	45	48	67	54	129	78	27	58	41	71	21	46	69	42	78	65	16	59	50	40	32	51	40	58	74	29
2	Night	13.5	70	49	48	33	61	59	44	56	54	73	61	32	64	42	37	26	47	49	24	78	68	33	65	51	27	32	35	43	40	71	39
2	Night	14	37	41	18	21	47	20	12	39	43	78	39	17	61	17	37	10	35	21	18	55	76	18	31	30	19	25	19	26	37	64	7
2	Night	14.5	20	22	19	22	37	13	5	38	28	36	33	18	37	18	39	20	43	28	16	31	60	6	8	29	19	22	13	19	46	53	6
2	Night	15	13	23	13	17	25	11	3	16	22	24	28	6	19	7	13	10	5	9	7	10	33	4	18	15	6	18	14	9	23	32	2
2	Night	15.5	16	13	21	1	21	6	2	4	12	16	16	0	10	7	15	4	5	5	2	5	32	1	6	8	2	1	2	7	5	16	0
2	Night	16	2	5	5	0	10	10	0	0	0	12	2	0	6	3	7	1	4	20	0	4	6	3	2	10	0	2	0	0	4	8	0
2	Night	16.5	2	0	0	0	7	35	0	0	0	0	0	0	0	0	4	15	4	2	0	2	0	1	0	0	0	0	0	0	3	4	0
2	Night	17	32	0	0	0	0	0	0	0	0	0	0	0	0	0	0	6	0	11	0	0	4	2	0	0	0	0	0	0	1	0	0
2	Night	17.5	3	11	0	0	0	2	0	0	0	18	0	0	0	0	1	2	8	14	0	0	1	0	0	0	0	0	0	0	1	0	0
2	Night	18	0	0	0	0	0	0	0	0	0	0	0	0	0	0	0	5	1	0	0	0	1	0	0	10	0	0	5	0	0	0	0
2	Night	18.5	0	0	0	0	0	0	0	5	1	0	0	0	0	0	2	4	0	0	0	0	0	0	0	0	0	0	0	0	0	4	0
2	Night	19	0	0	0	0	0	0	0	0	0	0	0	0	1	2	1	4	0	0	4	0	0	0	0	0	0	0	0	0	0	1	0
2	Night	19.5	0	0	0	0	0	0	0	1	0	2	0	0	0	7	0	0	0	0	0	0	0	0	0	0	0	0	0	0	0	0	0
2	Night	20	0	0	0	0	0	0	0	0	0	0	0	0	0	1	0	0	0	0	1	0	0	0	0	0	0	0	0	0	0	0	0
2	Night	20.5	0	0	0	0	0	0	0	0	0	0	0	0	0	0	0	0	0	0	8	0	0	0	0	0	0	0	0	0	0	0	0
2	Night	21	0	0	0	0	0	0	0	1	0	0	0	0	0	0	0	0	0	0	0	0	0	0	0	0	0	0	0	0	0	0	0
2	Night	21.5	0	0	0	0	0	0	0	2	0	0	0	0	0	0	0	0	0	0	0	0	0	0	0	0	0	0	0	0	0	0	0
2	Night	22	0	0	0	0	0	0	0	0	0	0	0	0	0	0	0	0	0	0	0	0	0	0	0	0	0	0	0	0	0	3	0
2	Night	22.5	0	0	0	0	0	0	0	0	0	0	0	0	0	0	0	0	0	0	0	0	0	0	0	0	0	0	0	0	0	1	0
2	Night	23	0	0	0	0	0	0	0	0	0	0	0	0	0	0	0	0	0	0	0	0	0	0	0	0	0	0	0	0	0	5	0
2	Night	23.5	0	0	0	0	0	0	0	0	0	0	0	0	0	0	0	0	0	0	1	0	0	0	0	0	0	0	0	0	0	0	0
2	Day	0	0	27	6	44	54	60	53	34	37	97	90	27	52	57	35	39	32	75	137	147	57	14	13	43	28	58	12	54	7	12	75
2	Day	0.5	0	8	0	0	70	50	6	11	49	65	80	32	42	59	55	61	48	47	48	28	39	4	18	18	26	21	10	38	23	6	14
2	Day	1	0	30	15	28	55	86	52	10	38	69	74	98	40	40	65	38	52	56	64	27	13	6	32	39	10	19	20	36	15	9	28
2	Day	1.5	0	50	45	73	49	82	53	71	67	102	74	100	84	54	92	66	46	85	103	62	109	14	38	55	54	54	17	53	67	11	59
2	Day	2	0	39	47	64	71	123	77	90	80	100	93	125	97	56	66	32	56	58	78	73	52	25	66	62	38	45	48	73	73	29	64
2	Day	2.5	0	55	80	106	91	108	87	74	61	117	103	119	66	72	84	28	56	71	83	93	60	58	117	84	70	55	23	87	62	87	78
2	Day	3	0	66	72	97	90	106	103	92	50	120	105	116	68	81	88	11	79	82	108	129	62	57	103	94	135	54	18	127	88	97	79
2	Day	3.5	0	58	103	40	19	157	90	59	28	136	95	112	61	64	63	17	67	67	98	137	79	68	130	108	91	25	5	75	83	106	75
2	Day	4	0	31	28	0	50	87	80	40	28	117	49	116	62	33	35	0	56	40	68	109	52	14	55	156	16	0	0	65	52	101	9
2	Day	4.5	0	4	21	0	19	53	66	20	9	16	65	98	26	28	20	0	40	18	51	32	0	2	2	68	6	15	4	41	12	50	4
2	Day	5	0	13	2	0	13	12	43	16	25	41	7	53	35	8	28	0	4	0	20	0	0	23	8	17	0	0	2	22	51	4	8
2	Day	5.5	0	1	58	0	6	16	4	21	23	47	12	61	17	10	14	4	4	11	11	9	52	19	11	24	22	7	8	17	20	0	0
2	Day	6	0	14	0	0	2	37	3	0	16	61	0	58	13	15	18	0	0	2	43	0	57	0	0	12	0	19	0	28	52	2	0
2	Day	6.5	0	4	8	0	28	23	9	13	23	40	7	33	121	8	6	20	15	12	31	0	0	11	2	15	10	28	12	14	10	4	4
2	Day	7	0	9	2	0	4	95	4	0	34	18	10	44	6	11	19	0	7	2	21	0	23	0	0	14	0	10	8	16	19	0	2
2	Day	7.5	0	16	0	0	4	6	4	14	12	29	10	2	16	13	10	0	13	13	13	0	0	5	6	22	0	2	2	14	6	4	4
2	Day	8	0	9	56	0	12	9	8	0	24	38	61	12	2	14	22	9	4	0	14	6	22	4	0	0	6	2	6	8	12	0	0
2	Day	8.5	0	6	0	0	15	0	0	11	22	22	40	8	6	8	7	12	34	0	0	0	9	2	3	0	2	36	10	2	13	6	2
2	Day	9	0	19	4	0	16	0	2	10	23	24	28	2	10	11	40	0	12	8	19	4	6	4	0	0	0	4	0	21	13	9	2
2	Day	9.5	0	17	0	0	25	98	10	2	14	40	31	2	31	18	7	6	12	3	0	2	4	6	3	24	13	11	10	11	16	17	0
2	Day	10	0	7	2	1	15	15	0	8	28	41	19	9	13	15	16	2	0	0	57	0	29	16	0	10	2	24	8	1	4	8	4
2	Day	10.5	0	18	7	1	41	5	4	18	17	73	26	13	20	14	16	3	1	3	0	6	8	14	0	30	40	3	7	9	6	12	9
2	Day	11	0	19	30	6	0	26	0	44	19	24	60	4	34	19	49	9	21	12	39	0	55	6	65	10	39	35	11	10	7	10	3
2	Day	11.5	0	55	43	21	51	51	62	30	36	50	51	48	29	22	38	2	35	19	14	6	39	12	22	41	15	29	8	26	27	44	13
3	Night	12	0	56	75	97	92	82	75	76	67	102	84	59	67	47	57	35	73	64	58	114	75	31	101	80	56	28	38	60	55	85	35
3	Night	12.5	0	45	49	63	85	50	66	71	62	96	75	36	61	54	52	37	43	54	45	88	69	30	81	66	44	49	34	58	58	81	24
3	Night	13	0	42	42	45	63	46	34	44	55	92	58	25	59	42	47	18	57	48	32	87	53	21	47	55	31	24	20	55	46	73	23
3	Night	13.5	0	43	36	30	58	67	27	39	45	94	41	18	42	28	46	18	84	29	23	77	64	16	45	44	19	17	13	43	36	65	6
3	Night	14	0	26	19	7	37	36	19	45	34	53	42	20	31	15	36	16	21	52	9	60	46	14	42	33	17	28	9	21	38	67	5
3	Night	14.5	0	48	52	8	47	22	4	13	22	26	32	13	19	12	41	20	26	25	4	34	23	12	21	27	14	2	7	23	32	49	2
3	Night	15	0	22	6	10	27	2	2	6	18	24	16	8	10	4	19	9	26	9	0	15	15	10	27	1	4	12	2	2	11	23	3
3	Night	15.5	0	11	17	2	5	2	0	0	2	1	8	0	6	4	8	2	8	0	2	5	3	0	0	2	8	3	0	1	0	16	3
3	Night	16	0	1	0	0	2	2	0	0	4	0	11	0	4	6	6	0	18	0	0	0	0	9	6	0	0	0	0	0	0	6	0
3	Night	16.5	0	1	1	0	0	6	0	0	9	0	0	0	0	0	0	13	0	2	2	0	0	0	0	0	0	0	0	0	0	0	1
3	Night	17	0	3	15	0	2	2	0	0	0	0	0	0	1	0	0	0	0	8	0	0	0	0	0	0	2	0	2	4	0	0	0
3	Night	17.5	0	0	1	0	2	0	0	0	0	0	0	0	0	0	0	0	0	8	0	0	0	0	0	0	0	0	0	0	1	0	2
3	Night	18	0	0	0	0	0	0	0	0	0	0	0	0	0	0	0	0	0	0	0	0	0	0	0	0	0	0	0	0	5	0	0
3	Night	18.5	0	0	1	0	0	0	0	0	0	0	0	0	10	0	0	0	0	0	4	0	0	0	0	0	0	0	2	0	0	0	0
3	Night	19	0	0	0	0	0	0	0	1	0	0	0	0	0	0	0	2	0	0	0	0	1	0	0	0	0	0	0	0	0	0	0
3	Night	19.5	0	0	0	0	0	0	0	2	0	0	0	0	0	0	0	0	1	0	0	0	1	0	0	0	0	0	0	0	0	0	0
3	Night	20	0	0	0	0	0	0	0	0	0	0	0	0	0	0	0	0	16	0	0	0	2	0	0	0	0	0	1	0	0	0	0
3	Night	20.5	0	0	0	0	0	0	0	0	0	0	0	0	0	0	0	0	0	0	0	0	0	0	0	0	0	0	11	0	0	0	0
3	Night	21	0	0	0	0	0	0	0	0	0	0	0	0	0	0	0	0	0	0	0	0	0	0	0	0	0	0	0	0	0	0	0
3	Night	21.5	0	0	0	0	0	0	0	0	0	0	0	0	0	0	0	0	0	0	0	0	0	0	0	0	0	0	0	0	0	0	0
3	Night	22	0	0	0	0	0	0	0	0	0	0	0	0	0	0	0	0	0	0	0	0	0	0	0	0	0	0	0	0	0	0	0
3	Night	22.5	0	0	0	0	0	0	0	0	0	0	0	0	0	0	0	0	0	0	0	0	0	0	0	0	0	0	0	0	0	0	0
3	Night	23	0	0	0	0	0	0	0	0	0	0	0	0	0	0	0	0	0	0	0	0	0	0	0	0	0	0	0	0	0	0	0
3	Night	23.5	0	0	0	0	0	0	0	0	0	0	0	0	0	0	0	0	0	0	1	0	0	0	0	0	0	0	0	0	0	0	0
3	Day	0	0	27	0	11	45	115	7	14	57	103	92	72	6	90	49	33	39	43	57	82	41	2	8	39	11	35	4	16	10	53	55
3	Day	0.5	0	6	13	2	70	70	16	18	29	113	31	16	4	42	44	30	15	10	0	15	23	2	5	31	4	12	2	25	20	4	21
3	Day	1	0	26	4	9	45	76	54	13	46	61	50	78	16	67	54	56	73	37	107	45	47	2	24	62	0	28	9	15	47	36	45
3	Day	1.5	0	37	54	65	61	89	57	53	55	108	34	70	52	46	57	39	29	32	57	80	40	23	29	56	40	30	30	37	90	33	43
3	Day	2	0	42	66	63	70	113	56	52	74	90	64	90	53	43	58	39	65	43	73	96	77	10	78	71	56	54	40	51	50	76	49
3	Day	2.5	0	46	84	74	68	83	65	93	93	116	68	98	69	70	56	29	53	54	66	87	67	36	75	78	62	55	27	58	56	78	60
3	Day	3	0	40	83	84	83	97	69	40	90	94	84	102	69	72	51	25	54	48	87	105	77	56	78	85	77	72	5	63	58	80	49
3	Day	3.5	0	47	83	22	50	79	75	21	75	102	45	112	62	71	38	0	47	36	41	113	71	43	62	89	54	28	6	54	46	89	28
3	Day	4	0	32	142	0	12	58	74	16	41	105	30	142	55	34	31	12	36	12	10	115	28	10	6	71	8	4	12	52	53	72	2
3	Day	4.5	0	7	81	0	5	4	29	19	39	72	6	77	43	15	22	4	24	16	14	64	0	15	5	2	25	9	0	27	9	32	12
3	Day	5	0	7	25	0	25	2	4	8	28	43	0	68	18	12	9	0	7	4	51	10	3	0	4	0	2	8	2	8	122	20	4
3	Day	5.5	0	11	10	0	2	73	4	36	20	46	13	48	30	11	33	0	16	2	0	0	28	23	0	24	0	0	11	10	10	4	0
3	Day	6	0	8	0	0	8	33	6	7	45	28	4	56	2	10	8	0	2	6	9	5	0	17	0	28	0	19	2	4	25	4	0
3	Day	6.5	0	6	2	4	7	0	3	6	17	39	2	55	18	4	12	0	14	0	8	13	0	20	7	0	0	1	1	7	12	4	2
3	Day	7	0	8	32	0	10	0	13	1	14	24	9	19	11	10	8	14	16	6	43	0	17	0	0	23	21	10	3	4	20	0	0
3	Day	7.5	0	5	5	2	6	32	6	7	20	23	35	8	11	46	0	10	0	8	0	29	28	0	0	0	49	0	4	14	16	2	0
3	Day	8	0	14	0	0	12	32	6	12	25	50	28	6	12	2	0	22	4	2	0	0	33	5	2	2	3	0	2	7	19	6	0
3	Day	8.5	0	4	0	4	15	15	15	4	14	38	42	8	8	27	16	0	0	11	6	0	2	0	4	5	0	0	5	3	0	4	4
3	Day	9	0	21	0	0	8	4	0	12	14	45	5	12	28	6	15	10	2	6	35	0	20	6	0	21	7	28	1	5	45	4	2
3	Day	9.5	0	21	2	2	19	8	2	12	25	53	35	2	24	14	19	2	4	4	22	0	4	4	0	14	2	28	4	32	12	16	2
3	Day	10	0	3	0	29	29	41	0	8	11	34	2	0	33	6	6	9	0	6	0	0	14	24	4	0	40	18	14	4	57	9	4
3	Day	10.5	0	14	2	1	13	0	0	8	14	68	11	4	30	4	17	4	15	4	22	12	0	0	0	33	2	22	0	4	4	6	4
3	Day	11	0	4	28	8	15	12	4	14	4	35	19	2	15	39	7	20	1	0	12	10	6	6	5	10	2	42	10	8	0	6	2
3	Day	11.5	0	37	2	48	23	37	64	29	12	58	79	23	39	9	52	14	38	17	31	27	14	16	0	40	47	43	15	22	29	19	14
