day	phase	zt_demi	fly_01	fly_02	fly_03	fly_04	fly_05	fly_06	fly_07	fly_08	fly_09	fly_10	fly_11	fly_12	fly_13	fly_14	fly_15	fly_16	fly_17	fly_18	fly_19	fly_20	fly_21	fly_22	fly_23	fly_24	fly_25	fly_26	fly_27	fly_28	fly_29	fly_30	fly_31	fly_32
1	Night	12	7	8	57	92	11	29	52	12	18	67	15	111	0	30	1	29	18	19	5	30	41	49	53	65	14	37	10	0	0	47	15	41
1	Night	12.5	16	23	42	96	9	18	28	6	2	53	4	14	6	38	0	69	15	35	4	35	14	46	25	53	5	5	2	2	11	19	13	120
1	Night	13	6	10	43	77	6	13	9	9	9	24	13	6	4	21	10	5	10	6	4	20	8	31	11	38	6	3	4	9	0	16	18	4
1	Night	13.5	4	7	33	66	10	7	17	5	8	18	15	8	5	20	6	10	8	13	3	19	10	22	4	32	19	5	2	18	6	3	8	7
1	Night	14	0	1	13	44	3	2	4	20	0	6	0	0	6	0	9	1	4	8	6	23	3	15	20	9	13	31	0	3	0	3	8	14
1	Night	14.5	0	0	5	31	5	56	0	6	13	0	19	3	6	16	12	7	7	31	7	24	5	6	8	12	41	15	0	17	0	4	3	0
1	Night	15	0	0	15	5	5	0	11	8	11	2	1	0	5	4	4	2	4	5	0	7	3	5	4	16	7	3	0	18	0	0	2	0
1	Night	15.5	0	0	0	25	1	0	0	1	0	9	0	0	4	2	4	14	0	0	0	10	2	1	6	5	19	0	7	0	0	1	4	0
1	Night	16	0	0	0	7	0	0	0	0	3	2	0	0	4	0	0	5	2	3	3	0	4	0	25	2	4	8	1	13	0	4	4	0
1	Night	16.5	0	0	0	10	0	0	0	0	0	2	0	3	33	0	0	1	5	0	0	2	2	0	7	1	0	83	0	4	0	0	2	0
1	Night	17	4	0	0	3	0	0	0	0	10	0	6	10	1	0	3	8	1	0	0	2	0	0	0	0	2	35	0	0	0	0	0	0
1	Night	17.5	0	0	16	0	0	0	0	0	2	2	0	4	0	0	0	6	2	0	0	0	4	11	7	0	28	2	0	0	0	0	0	0
1	Night	18	1	0	21	0	0	0	1	0	4	0	0	3	0	0	0	5	4	0	2	0	0	0	0	0	0	0	0	0	0	0	87	0
1	Night	18.5	2	0	0	0	0	0	5	0	9	17	0	38	0	0	0	8	6	0	0	0	0	0	3	0	1	20	0	0	0	0	0	0
1	Night	19	0	0	0	0	0	3	0	0	10	0	0	7	0	0	0	0	0	0	0	0	9	0	0	0	0	1	0	0	0	0	0	0
1	Night	19.5	1	0	39	0	0	0	0	0	0	0	0	3	0	0	0	0	0	0	0	0	0	0	0	0	5	0	0	0	0	0	5	0
1	Night	20	88	0	11	0	0	1	0	0	2	0	0	22	0	0	0	0	0	0	0	0	1	0	0	0	0	9	0	0	0	0	0	0
1	Night	20.5	5	0	59	0	0	0	0	0	13	0	0	0	0	0	0	0	0	0	0	0	1	0	0	0	0	0	0	0	0	0	0	0
1	Night	21	2	0	110	0	0	4	0	0	30	0	0	0	0	0	0	1	0	0	0	0	0	0	3	0	0	1	0	0	0	0	0	0
1	Night	21.5	6	3	4	0	0	0	0	0	5	0	0	0	0	0	0	9	0	0	0	0	0	0	1	0	0	0	0	0	0	0	0	0
1	Night	22	3	0	0	0	0	0	0	0	19	0	0	0	0	0	0	0	0	0	0	0	0	0	1	0	0	9	0	0	0	0	0	0
1	Night	22.5	95	0	0	0	0	0	0	0	60	0	0	0	0	0	0	0	0	0	0	0	50	0	0	0	0	2	0	0	0	0	0	0
1	Night	23	3	0	0	0	0	0	0	0	63	0	0	0	0	0	0	0	0	0	0	0	3	0	0	0	0	11	0	0	0	0	0	22
1	Night	23.5	2	0	0	0	0	0	1	0	4	0	0	0	0	0	0	0	0	0	0	0	0	0	0	0	0	0	0	0	0	0	0	19
1	Day	0	47	108	117	70	91	73	37	52	50	66	88	127	80	82	61	113	107	101	25	79	45	79	143	61	12	52	120	126	30	16	16	52
1	Day	0.5	3	45	68	19	65	45	35	18	67	31	92	26	56	49	0	11	57	38	0	63	47	49	156	27	6	74	129	0	1	57	5	0
1	Day	1	28	39	115	33	44	57	26	16	18	26	48	66	45	43	27	20	81	63	10	36	52	48	131	73	11	8	43	14	2	38	12	2
1	Day	1.5	12	130	85	78	94	58	55	24	23	27	62	60	45	49	71	83	54	57	16	98	53	79	135	48	62	24	93	7	20	36	54	0
1	Day	2	60	48	108	71	103	48	57	40	24	62	59	70	67	87	93	140	94	43	185	55	103	67	146	54	42	78	113	207	5	64	57	0
1	Day	2.5	76	86	179	84	127	0	33	11	18	85	74	72	102	96	105	156	109	70	139	64	128	69	146	27	62	24	139	17	4	74	69	0
1	Day	3	63	0	160	70	110	0	9	25	29	70	85	79	128	82	103	156	60	35	91	82	94	38	158	22	82	13	150	134	1	80	67	0
1	Day	3.5	47	14	117	28	67	0	14	22	15	84	89	11	125	33	52	79	35	20	2	74	43	8	150	8	37	16	126	69	5	39	73	10
1	Day	4	39	0	15	34	63	6	6	14	6	9	87	7	74	19	12	0	44	16	0	34	14	38	131	11	11	13	81	56	1	46	21	2
1	Day	4.5	27	40	4	1	41	2	8	16	25	16	72	0	60	26	18	5	17	15	0	28	24	2	53	1	12	0	47	10	4	32	11	0
1	Day	5	0	0	13	0	26	0	5	13	16	8	50	6	60	18	4	0	19	15	0	18	2	12	67	6	11	20	23	10	56	24	0	59
1	Day	5.5	0	0	0	16	16	49	13	31	15	8	44	2	78	29	6	9	16	49	0	6	10	10	43	4	5	8	45	9	0	14	0	27
1	Day	6	12	0	63	13	6	13	0	14	35	17	33	0	33	21	6	12	9	8	0	13	15	15	20	10	4	9	28	12	0	15	4	8
1	Day	6.5	0	0	26	3	20	2	23	8	50	4	22	51	20	13	6	0	7	33	0	20	8	2	52	26	0	0	32	26	1	12	2	3
1	Day	7	0	0	67	14	20	0	15	18	38	0	13	30	21	13	2	14	3	8	3	4	13	6	64	8	4	6	37	11	0	12	3	3
1	Day	7.5	16	0	0	0	0	23	6	3	24	0	7	25	18	4	8	0	0	12	0	5	6	13	41	10	2	0	56	37	0	17	2	0
1	Day	8	0	0	0	0	0	5	0	4	49	0	2	0	0	0	0	20	0	17	0	6	7	2	9	5	0	8	31	22	0	6	1	5
1	Day	8.5	0	0	0	0	0	2	0	4	10	0	0	4	0	9	0	0	0	5	0	0	0	0	20	5	8	8	18	24	0	2	2	5
1	Day	9	24	0	0	0	0	0	0	6	12	0	0	0	0	6	0	27	0	7	0	0	15	4	0	7	0	8	3	0	0	10	3	0
1	Day	9.5	0	0	25	0	0	3	7	6	30	2	0	0	0	0	0	26	0	0	0	15	4	2	0	1	0	4	25	0	0	0	0	5
1	Day	10	12	24	26	0	0	5	4	13	4	0	0	0	0	15	0	0	0	0	0	4	43	2	4	0	0	2	2	0	0	9	1	5
1	Day	10.5	0	4	4	0	2	15	15	3	19	6	0	0	2	20	0	11	5	12	0	3	23	1	10	0	0	9	2	0	0	2	5	6
1	Day	11	0	0	30	59	0	11	38	7	0	2	0	0	0	42	0	34	0	6	5	10	18	17	14	5	0	59	6	0	0	6	50	7
1	Day	11.5	7	15	6	54	54	26	46	7	5	4	10	15	22	30	0	53	19	16	0	44	39	25	10	19	15	43	5	7	1	24	31	50
2	Night	12	39	55	30	79	37	25	24	15	0	29	52	49	15	40	8	53	53	67	14	32	28	45	6	77	25	36	10	0	7	10	19	19
2	Night	12.5	9	11	42	61	39	19	15	16	0	17	10	18	3	39	14	47	24	17	11	35	20	27	2	61	7	19	2	17	18	10	13	16
2	Night	13	6	3	20	36	22	10	5	3	3	18	15	9	1	15	4	25	18	8	0	13	7	19	2	45	4	9	9	17	10	3	8	7
2	Night	13.5	0	2	0	30	32	9	0	6	9	9	0	11	0	14	0	5	14	17	4	10	5	10	9	36	5	16	2	0	5	0	5	6
2	Night	14	0	35	0	16	2	4	0	5	7	7	0	0	2	0	0	0	6	6	0	15	2	4	0	24	0	8	0	0	4	0	4	2
2	Night	14.5	0	0	6	4	0	0	4	0	1	2	0	0	0	0	1	21	5	0	0	7	2	3	2	4	0	13	0	0	0	0	1	0
2	Night	15	0	17	7	13	0	0	0	0	0	0	0	0	0	0	0	1	4	0	0	0	2	4	0	1	0	5	0	0	0	0	1	4
2	Night	15.5	0	8	0	0	0	0	0	0	17	0	0	0	0	0	0	1	1	0	0	0	0	0	0	0	0	0	0	0	0	0	0	0
2	Night	16	0	3	50	0	0	0	0	0	0	0	0	0	0	0	0	0	0	0	0	0	0	0	0	0	0	0	0	0	0	0	0	0
2	Night	16.5	0	43	0	0	0	0	0	0	0	0	0	0	0	0	0	0	0	0	0	0	0	0	0	0	0	0	0	0	0	0	0	0
2	Night	17	0	0	0	0	0	0	0	2	0	0	0	0	0	0	0	0	0	0	0	0	0	0	3	0	0	0	0	0	0	0	0	0
2	Night	17.5	0	6	0	0	0	0	0	0	0	0	0	0	0	0	0	0	0	0	0	0	0	0	1	0	0	0	0	0	0	0	0	0
2	Night	18	0	0	0	0	0	0	0	0	0	0	0	0	0	0	0	0	0	0	0	0	0	0	0	0	0	96	0	0	0	0	0	0
2	Night	18.5	0	0	0	0	0	0	0	0	0	0	0	0	0	0	0	0	0	0	0	0	0	0	4	0	0	13	0	0	0	0	0	0
2	Night	19	0	0	0	0	0	0	0	0	0	0	0	0	0	0	0	0	0	0	0	0	0	0	0	0	0	0	0	0	0	0	0	0
2	Night	19.5	0	0	0	0	0	0	0	0	0	0	0	0	0	0	0	0	9	0	0	0	0	0	0	0	0	0	0	0	0	0	0	0
2	Night	20	0	0	0	0	0	0	0	0	0	0	0	0	0	0	0	0	54	0	0	0	0	0	0	0	0	11	0	0	0	0	0	0
2	Night	20.5	0	0	0	0	0	0	0	0	0	0	0	0	0	0	0	0	0	0	0	0	0	0	0	0	0	1	0	0	0	0	0	0
2	Night	21	0	6	0	0	0	0	0	0	0	0	0	0	0	0	0	0	1	0	0	0	0	0	0	0	0	1	0	0	0	0	0	0
2	Night	21.5	0	0	0	0	0	0	0	0	0	0	0	0	0	0	0	0	0	0	0	0	0	0	0	0	0	14	0	0	0	0	0	0
2	Night	22	0	0	0	0	0	0	0	0	0	0	0	0	0	0	0	0	0	0	0	0	3	0	0	0	0	4	0	0	0	0	0	0
2	Night	22.5	0	3	0	0	0	0	0	0	0	0	0	0	0	0	0	0	1	0	0	0	0	0	0	0	0	0	0	0	0	0	0	0
2	Night	23	0	12	0	0	0	0	0	0	0	0	0	0	0	0	0	0	34	0	0	0	0	0	0	0	0	35	0	0	0	0	0	13
2	Night	23.5	0	0	0	0	0	0	0	0	0	0	0	0	0	0	0	0	2	0	0	0	0	0	0	0	0	7	0	0	0	0	0	35
2	Day	0	70	25	51	43	94	85	76	33	27	63	43	82	54	68	5	58	1	34	140	55	19	74	40	19	9	49	125	59	2	14	43	63
2	Day	0.5	0	0	0	10	51	36	4	9	15	21	25	23	20	6	0	0	17	27	0	9	23	16	94	0	0	22	71	0	0	0	0	18
2	Day	1	75	7	67	36	82	31	28	19	28	36	44	40	3	16	65	6	13	36	61	4	22	11	86	27	1	59	85	15	0	3	6	3
2	Day	1.5	50	0	95	53	72	29	58	25	32	47	51	84	48	33	82	5	64	38	29	49	55	67	48	59	31	49	105	0	12	67	23	2
2	Day	2	60	67	49	43	92	46	57	11	32	68	47	52	61	69	92	103	106	67	85	42	58	75	78	38	46	96	74	211	17	50	116	0
2	Day	2.5	72	19	93	52	95	0	34	16	34	70	58	62	87	56	100	101	110	59	94	54	85	73	113	26	60	94	137	169	5	94	45	3
2	Day	3	75	0	116	17	107	0	7	15	30	77	68	33	103	58	105	140	88	32	72	43	63	36	111	4	77	18	155	179	3	85	54	2
2	Day	3.5	49	0	98	20	72	15	11	14	18	66	67	0	79	16	61	110	51	9	22	28	27	12	84	10	49	28	78	110	2	69	40	0
2	Day	4	21	32	26	30	29	13	10	4	3	53	55	0	59	53	21	9	16	8	0	30	3	21	56	6	14	18	55	55	2	51	10	2
2	Day	4.5	16	0	12	3	6	0	1	27	2	20	43	33	27	18	23	0	19	14	0	27	8	23	25	8	6	8	16	84	0	50	8	0
2	Day	5	11	0	42	30	8	6	0	15	5	40	54	1	49	25	0	2	15	47	0	21	4	4	21	3	16	0	0	98	0	33	1	0
2	Day	5.5	21	0	7	0	15	2	0	6	5	8	43	0	24	10	0	13	8	8	0	15	15	24	5	5	4	27	46	41	0	28	14	2
2	Day	6	9	0	3	0	10	3	0	21	7	6	6	3	20	16	8	8	8	2	0	25	2	4	2	8	10	2	10	97	0	20	14	5
2	Day	6.5	13	0	0	18	8	13	5	3	4	2	10	0	18	13	2	17	13	2	0	32	10	0	8	8	0	7	25	24	2	19	0	0
2	Day	7	8	71	25	0	10	8	0	2	2	2	5	14	5	2	0	20	7	10	13	19	2	5	0	5	6	0	18	77	0	16	0	0
2	Day	7.5	0	0	5	0	0	0	2	1	4	0	0	0	0	14	0	36	4	0	2	9	7	2	13	6	4	2	26	103	0	17	25	0
2	Day	8	0	3	11	5	0	2	5	7	0	0	0	0	5	9	0	28	0	0	0	10	10	2	0	6	3	0	38	43	3	2	2	0
2	Day	8.5	8	3	0	0	0	4	19	1	21	0	0	0	0	4	0	14	2	0	0	2	0	4	4	0	0	1	30	45	1	9	0	0
2	Day	9	0	0	1	0	0	2	1	4	2	0	0	0	2	36	0	5	0	0	0	0	0	4	6	0	7	1	2	0	62	4	9	0
2	Day	9.5	0	2	0	2	0	2	2	14	5	0	4	0	4	6	0	2	0	0	0	8	11	0	9	4	11	0	6	0	0	0	3	2
2	Day	10	0	0	0	2	4	0	1	39	35	0	0	25	0	4	2	3	0	0	0	0	28	4	2	1	1	9	0	0	1	9	0	26
2	Day	10.5	1	0	10	19	25	10	0	9	1	2	0	0	2	4	0	3	6	0	6	8	4	2	0	0	1	19	1	0	1	5	20	23
2	Day	11	0	0	7	39	10	13	9	4	7	2	0	18	0	14	0	4	22	7	0	4	4	2	0	2	7	6	2	0	0	7	13	38
2	Day	11.5	10	0	28	45	43	25	67	15	20	20	20	1	19	25	4	51	32	23	0	22	38	34	14	11	2	77	2	0	4	28	34	36
3	Night	12	61	0	42	74	65	27	45	46	11	51	40	46	14	42	37	72	61	33	56	50	46	73	15	82	32	44	16	0	10	23	23	39
3	Night	12.5	11	0	29	65	55	16	14	18	5	28	58	33	9	28	12	40	41	28	33	29	31	37	3	52	8	18	10	0	13	29	12	21
3	Night	13	0	0	20	50	38	7	12	18	0	22	12	20	4	16	7	18	26	15	28	32	15	23	1	43	4	13	3	30	9	10	4	16
3	Night	13.5	0	0	8	30	23	3	5	18	42	8	4	8	8	10	0	7	19	5	6	18	7	20	2	25	4	8	5	25	5	6	6	11
3	Night	14	0	0	5	14	8	7	5	9	4	7	0	6	8	2	0	4	12	7	2	15	11	4	2	16	2	4	15	42	2	0	2	2
3	Night	14.5	0	0	4	4	0	2	2	5	4	0	0	3	12	0	4	1	2	0	0	8	0	18	0	12	0	7	0	0	2	0	0	0
3	Night	15	0	0	1	0	0	11	0	16	0	0	0	2	0	0	0	5	2	0	0	2	0	3	2	0	0	4	0	0	1	0	0	0
3	Night	15.5	0	0	4	0	0	0	0	0	0	0	0	0	0	0	0	0	3	0	0	0	0	0	3	0	0	2	0	0	0	0	0	0
3	Night	16	0	0	0	3	0	0	0	0	9	0	0	0	0	0	0	0	1	0	0	0	0	0	2	0	3	4	0	0	0	0	0	0
3	Night	16.5	0	0	0	0	0	0	0	1	0	0	0	0	0	0	0	0	0	0	0	3	0	0	2	0	0	0	0	0	0	0	0	0
3	Night	17	0	0	0	0	0	0	0	2	0	0	0	0	0	0	0	0	0	0	0	0	0	0	0	0	0	1	0	0	0	0	2	0
3	Night	17.5	0	0	0	0	0	0	0	0	0	0	0	0	0	0	0	0	0	0	0	0	0	0	0	0	0	0	0	0	0	0	0	0
3	Night	18	0	0	0	0	0	0	0	0	0	0	0	0	0	0	0	0	0	0	0	0	0	0	0	0	0	0	0	0	0	0	0	0
3	Night	18.5	0	0	0	0	0	0	0	0	0	0	0	0	0	0	0	0	0	0	0	0	0	0	3	0	0	0	0	0	0	0	0	0
3	Night	19	0	0	0	0	0	0	0	0	0	0	0	0	0	0	0	0	0	0	0	0	0	0	0	0	0	0	0	0	0	0	0	0
3	Night	19.5	0	0	0	0	0	0	0	0	0	0	0	0	0	0	0	0	0	0	0	0	0	0	0	0	0	0	0	0	0	0	0	0
3	Night	20	0	0	0	0	0	0	0	0	0	0	0	0	0	0	0	0	0	0	0	0	0	0	0	0	0	0	0	0	0	0	0	0
3	Night	20.5	0	0	0	0	0	0	0	0	0	0	0	0	0	0	0	0	0	0	0	0	0	0	0	0	0	0	0	0	0	0	0	0
3	Night	21	0	0	0	0	0	0	0	0	0	0	0	0	0	0	0	0	0	0	0	0	0	0	0	0	0	0	0	0	0	0	0	0
3	Night	21.5	0	0	0	0	0	0	0	0	0	0	0	0	0	0	0	0	0	0	0	0	0	0	0	0	0	0	0	0	0	0	0	0
3	Night	22	0	0	0	0	0	0	0	0	0	0	0	0	0	0	0	0	0	0	0	0	0	0	0	0	0	0	0	0	0	0	0	0
3	Night	22.5	0	0	0	0	0	0	0	0	0	0	0	0	0	0	0	0	0	0	0	0	0	0	0	0	0	0	0	0	0	0	0	0
3	Night	23	0	0	0	0	0	0	0	0	0	0	0	0	0	0	0	0	0	0	0	0	0	0	0	0	0	0	0	0	0	0	0	24
3	Night	23.5	0	0	0	0	0	0	0	0	0	0	0	0	0	0	0	0	0	0	0	0	0	0	0	0	0	0	0	0	0	0	0	28
3	Day	0	69	0	63	39	30	95	32	25	57	47	41	4	36	31	0	51	30	51	12	39	41	21	61	7	23	31	9	15	1	7	24	78
3	Day	0.5	2	0	18	28	53	25	5	0	11	0	6	0	44	11	0	0	0	14	2	0	22	4	12	2	31	12	26	65	0	2	7	4
3	Day	1	0	0	6	44	25	30	8	11	21	34	19	23	28	28	0	0	14	21	7	14	30	18	14	27	0	40	48	0	0	7	4	4
3	Day	1.5	47	0	77	47	43	32	60	38	27	46	58	93	36	41	37	46	18	47	83	66	42	11	9	67	34	72	100	15	12	30	15	3
3	Day	2	64	0	47	68	72	66	52	9	36	79	74	72	63	78	96	94	76	67	81	40	42	59	61	57	30	44	110	161	9	62	25	0
3	Day	2.5	65	0	66	59	84	22	0	25	44	60	47	79	76	52	81	134	99	24	54	32	67	44	87	34	36	26	154	156	6	71	44	0
3	Day	3	51	0	70	27	58	1	0	12	46	57	75	93	72	48	89	113	43	31	25	22	84	34	72	27	42	16	94	116	2	78	52	0
3	Day	3.5	19	0	72	6	37	0	0	9	28	36	60	0	39	24	52	60	34	6	12	29	36	14	64	8	25	13	73	135	1	56	11	0
3	Day	4	6	0	47	0	12	5	10	36	4	17	86	0	36	8	15	0	33	8	18	11	20	6	43	3	21	14	34	140	1	40	3	0
3	Day	4.5	0	0	25	9	2	0	2	6	14	0	0	0	39	54	0	0	5	6	10	28	6	4	30	8	0	2	29	51	2	49	0	0
3	Day	5	16	0	0	9	14	0	0	8	2	0	9	0	4	15	0	7	8	4	7	23	7	18	12	6	19	6	28	91	0	39	29	0
3	Day	5.5	0	0	25	24	4	19	0	39	4	0	8	0	26	17	2	4	2	0	0	25	21	7	3	9	3	2	16	29	0	9	4	2
3	Day	6	0	0	0	0	10	1	0	8	5	0	10	11	14	19	0	10	23	3	10	26	2	10	8	3	8	6	12	53	0	14	0	0
3	Day	6.5	0	0	12	0	9	1	0	5	6	0	4	8	0	12	2	5	0	2	12	22	4	2	15	1	2	0	21	99	12	15	6	0
3	Day	7	1	0	8	0	10	9	0	3	10	0	4	27	2	7	14	13	17	0	0	21	4	2	8	2	17	18	21	59	3	22	0	0
3	Day	7.5	0	0	4	0	11	0	5	15	3	0	0	6	5	5	8	0	0	12	0	14	6	4	30	6	0	9	15	39	1	6	0	0
3	Day	8	0	0	13	6	4	2	0	12	8	0	0	30	0	10	0	1	10	2	15	16	3	0	9	2	0	6	15	69	0	6	0	0
3	Day	8.5	0	0	2	23	0	0	0	14	3	0	0	1	2	4	0	21	0	0	2	30	4	0	6	8	4	2	18	27	0	22	10	0
3	Day	9	0	0	2	27	2	0	6	6	3	0	0	17	0	11	0	10	0	0	0	0	2	2	18	10	0	2	4	63	1	0	2	0
3	Day	9.5	0	0	0	0	2	4	0	8	9	0	5	0	0	0	0	10	6	2	5	21	8	0	0	3	0	4	2	59	0	10	18	12
3	Day	10	0	0	28	16	0	20	0	0	3	0	0	6	0	12	0	0	0	6	0	22	4	0	0	0	9	6	0	68	0	2	23	13
3	Day	10.5	14	0	0	8	6	2	0	15	0	0	0	1	0	9	0	0	13	8	0	3	10	14	2	0	6	4	2	7	0	0	2	34
3	Day	11	17	0	17	0	14	61	2	7	4	4	0	8	5	23	0	15	19	11	4	4	16	32	7	4	2	12	0	77	0	2	0	11
3	Day	11.5	9	0	0	19	58	19	34	34	0	2	2	21	42	23	6	24	21	7	2	17	32	31	7	27	7	22	0	0	5	2	38	82
